x: 0.3602404434376143632361252444495453084826078079585857504883758147401953460592181003117529367227734263962337317297249877373200353726832853176645324012185215795542886617265643241347022999628170292133299808952080363631045466396981062043

y: -0.6413130610648031748603750151793020665794949522823052595561775430644485741727536902556370230689681162370740565537072149790106973211105273740851993394803287437606238596262287731075999483940467161288840614581091294325709988992269165007

